541220856


Test case 19
Test case 20
Test case 21
Test case 22
Test case 23
Test case 24
Test case 25
Test case 26
Test case 27
Test case 28
Test case 29
Test case 30
Test case 31
Test case 32

########################
measurements: 0.041989, 0.083361, 0.037746, 0.050259, 0.05449, 0.076333, 0.056969, 0.05936, 0.055945, 0.061246, 0.051504, 0.055918, 0.053906, 0.053061, 0.067033, 0.054278, 0.052806, 0.057064, 0.054321, 0.055249, 0.055978, 0.058551, 0.106464, 0.063679, 0.139252
 time: 0.06227048000000002 ms

 measurements: 0.054236, 0.096523, 0.063941, 0.047625, 0.067879, 0.051326, 0.047217, 0.050229, 0.048953, 0.078794, 0.048853, 0.060371, 0.050743, 0.049472, 0.051927, 0.049415, 0.049269, 0.058, 0.058164, 0.051027, 0.051748, 0.056624, 0.177905, 0.070767, 0.139449
  time: 0.06521828 ms

  measurements: 0.062745, 0.104117, 0.055598, 0.056089, 0.069265, 0.071692, 0.060273, 0.058328, 0.053549, 0.073, 0.056868, 0.062196, 0.0618, 0.057213, 0.068539, 0.071055, 0.059164, 0.06312, 0.0578, 0.054637, 0.060474, 0.067016, 0.125931, 0.079014, 0.119946
   time: 0.06917716 ms
